{
    "vid_width": 800,
    "vid_height": 800,
    "intrinsic_matrix": [
        [
            0.6911112070083618,
            0,
            400
        ],
        [
            0,
            0.6911112070083618,
            400
        ],
        [
            0,
            0,
            1
        ]
    ],
    "frames": [
        {
            "extrinsic_matrix": [
                [
                    -0.4800319119629664,
                    0.8551639337734825,
                    0.19561188581024821,
                    1.7002931827027368
                ],
                [
                    0.8772510265010688,
                    0.4679458510392023,
                    0.10703885742111525,
                    0.9304007208128331
                ],
                [
                    0.0,
                    -0.2229827950050394,
                    0.9748223802989653,
                    8.473328912008009
                ],
                [
                    0.0,
                    0.0,
                    0.0,
                    1.0
                ]
            ]
        },
        {
            "extrinsic_matrix": [
                [
                    -0.5059468405783575,
                    0.8344597770052693,
                    0.21839110574630638,
                    1.8989926998270905
                ],
                [
                    0.862564661059551,
                    0.4894616100396777,
                    0.12809971814406296,
                    1.113875168011954
                ],
                [
                    0.0,
                    -0.2531880977804501,
                    0.9674170699043496,
                    8.412054818617744
                ],
                [
                    0.0,
                    0.0,
                    0.0,
                    1.0
                ]
            ]
        },
        {
            "extrinsic_matrix": [
                [
                    -0.5314793197145445,
                    0.8123676991606477,
                    0.23997594478655632,
                    2.087455855665556
                ],
                [
                    0.8470712677902402,
                    0.5097052025318919,
                    0.15056850200542662,
                    1.309735863190678
                ],
                [
                    0.0,
                    -0.28330077280579113,
                    0.9590311111364644,
                    8.342232428703861
                ],
                [
                    0.0,
                    0.0,
                    0.0,
                    1.0
                ]
            ]
        },
        {
            "extrinsic_matrix": [
                [
                    -0.5566034261228494,
                    0.7889555210235146,
                    0.2602725722676525,
                    2.2648566025332992
                ],
                [
                    0.8307783254444628,
                    0.5285830559256471,
                    0.17437696797455354,
                    1.517404710784385
                ],
                [
                    0.0,
                    -0.31328762955919415,
                    0.94965828652478,
                    8.263797532128285
                ],
                [
                    0.0,
                    0.0,
                    0.0,
                    1.0
                ]
            ]
        },
        {
            "extrinsic_matrix": [
                [
                    -0.5812932593048863,
                    0.7642975847848353,
                    0.27919052379830084,
                    2.430396755757205
                ],
                [
                    0.8136941358315802,
                    0.5460049600632585,
                    0.19945033692530395,
                    1.736246077421093
                ],
                [
                    0.0,
                    -0.3431148284151923,
                    0.9392934656014664,
                    8.17669511287202
                ],
                [
                    0.0,
                    0.0,
                    0.0,
                    1.0
                ]
            ]
        },
        {
            "extrinsic_matrix": [
                [
                    -0.6055229656664312,
                    0.7384746257003122,
                    0.29664316147066955,
                    2.5833100261583826
                ],
                [
                    0.7958278319150003,
                    0.561884527646453,
                    0.22570742021695325,
                    1.9655677843173527
                ],
                [
                    0.0,
                    -0.37274791050830325,
                    0.9279326458378829,
                    8.080879719958402
                ],
                [
                    0.0,
                    0.0,
                    0.0,
                    1.0
                ]
            ]
        },
        {
            "extrinsic_matrix": [
                [
                    -0.6292667632406936,
                    0.711573611810833,
                    0.3125481333411972,
                    2.7228660566776686
                ],
                [
                    0.7771893853370495,
                    0.5761396539371225,
                    0.2530607802102725,
                    2.2046223771834463
                ],
                [
                    0.0,
                    -0.40215182970576996,
                    0.915572993192952,
                    7.976315836301498
                ],
                [
                    0.0,
                    0.0,
                    0.0,
                    1.0
                ]
            ]
        },
        {
            "extrinsic_matrix": [
                [
                    -0.652498966975547,
                    0.683687551145134,
                    0.32682783006502625,
                    2.8483744450101347
                ],
                [
                    0.757789613346504,
                    0.5886929736159593,
                    0.28141692329949786,
                    2.452608679500099
                ],
                [
                    0.0,
                    -0.43129098671821225,
                    0.9022128821822657,
                    7.86297824470947
                ],
                [
                    0.0,
                    0.0,
                    0.0,
                    1.0
                ]
            ]
        },
        {
            "extrinsic_matrix": [
                [
                    -0.6751940145784258,
                    0.6549152659521614,
                    0.3394098364813228,
                    2.9591887333024647
                ],
                [
                    0.7376401851021056,
                    0.5994723125960495,
                    0.3106765259128467,
                    2.708673633957682
                ],
                [
                    0.0,
                    -0.4601292653739316,
                    0.8878519353734867,
                    7.740852390241753
                ],
                [
                    0.0,
                    0.0,
                    0.0,
                    1.0
                ]
            ]
        },
        {
            "extrinsic_matrix": [
                [
                    -0.6973264929116948,
                    0.6253611336478735,
                    0.35022737586619734,
                    3.0547103452057374
                ],
                [
                    0.716753627324952,
                    0.6084111325079473,
                    0.34073469379697874,
                    2.9719144356944565
                ],
                [
                    0.0,
                    -0.48863007107938367,
                    0.8724910622103567,
                    7.609934738087832
                ],
                [
                    0.0,
                    0.0,
                    0.0,
                    1.0
                ]
            ]
        },
        {
            "extrinsic_matrix": [
                [
                    -0.7188711649303717,
                    0.595134794307495,
                    0.35921974449663213,
                    3.1343924498729794
                ],
                [
                    0.6951433292722086,
                    0.6154489654994527,
                    0.3714812547545343,
                    3.24138095973416
                ],
                [
                    0.0,
                    -0.5167563714848893,
                    0.856132497064427,
                    7.470233126104791
                ],
                [
                    0.0,
                    0.0,
                    0.0,
                    1.0
                ]
            ]
        },
        {
            "extrinsic_matrix": [
                [
                    -0.7398029971531036,
                    0.5643508246892905,
                    0.3663327341035778,
                    3.1977437318530484
                ],
                [
                    0.6728235470041792,
                    0.6205318369280698,
                    0.40280108484882504,
                    3.516078483706429
                ],
                [
                    0.0,
                    -0.5444707393709904,
                    0.8387798364104891,
                    7.3217671111203355
                ],
                [
                    0.0,
                    0.0,
                    0.0,
                    1.0
                ]
            ]
        },
        {
            "extrinsic_matrix": [
                [
                    -0.7600971876562902,
                    0.53312837893945,
                    0.37151903973604444,
                    3.244332045267454
                ],
                [
                    0.6498094069163652,
                    0.623612673467789,
                    0.4345744679262214,
                    3.794970705538529
                ],
                [
                    0.0,
                    -0.5717353977669661,
                    0.8204380750186141,
                    7.164568308077994
                ],
                [
                    0.0,
                    0.0,
                    0.0,
                    1.0
                ]
            ]
        },
        {
            "extrinsic_matrix": [
                [
                    -0.7797291945801936,
                    0.5015907962993347,
                    0.37473865051142247,
                    3.2737879301721615
                ],
                [
                    0.6261169085077664,
                    0.6246516941052502,
                    0.46667748813513427,
                    4.0769830543361465
                ],
                [
                    0.0,
                    -0.5985122673089002,
                    0.8011136410527283,
                    6.998680721071641
                ],
                [
                    0.0,
                    0.0,
                    0.0,
                    1.0
                ]
            ]
        },
        {
            "extrinsic_matrix": [
                [
                    -0.7986747651347728,
                    0.4698651763156328,
                    0.3759592206912805,
                    3.285807968609989
                ],
                [
                    0.6017629263563149,
                    0.6236167814643547,
                    0.49898245494117693,
                    4.3610062911281045
                ],
                [
                    0.0,
                    -0.6247630158403413,
                    0.7808144299627674,
                    6.824161065287658
                ],
                [
                    0.0,
                    0.0,
                    0.0,
                    1.0
                ]
            ]
        },
        {
            "extrinsic_matrix": [
                [
                    -0.8169099650918507,
                    0.43808192224044334,
                    0.37515641849733755,
                    3.2801579575583393
                ],
                [
                    0.576765211271997,
                    0.6204838308738453,
                    0.53135835995163,
                    4.645900394538651
                ],
                [
                    0.0,
                    -0.6504491102540118,
                    0.7595498370546626,
                    6.6410790788447445
                ],
                [
                    0.0,
                    0.0,
                    0.0,
                    1.0
                ]
            ]
        },
        {
            "extrinsic_matrix": [
                [
                    -0.8344112087490378,
                    0.40637425350133344,
                    0.3723142500700229,
                    3.2566758757794383
                ],
                [
                    0.5511423905979013,
                    0.6152370745801,
                    0.5636713646692999,
                    4.930498724776007
                ],
                [
                    0.0,
                    -0.6755318705681875,
                    0.7373307886197656,
                    6.449517823494011
                ],
                [
                    0.0,
                    0.0,
                    0.0,
                    1.0
                ]
            ]
        },
        {
            "extrinsic_matrix": [
                [
                    -0.8511552893496083,
                    0.37487768832033547,
                    0.3674253559728644,
                    3.2152746214935695
                ],
                [
                    0.524913967629158,
                    0.6078693785081957,
                    0.5957853180969428,
                    5.213612457592742
                ],
                [
                    0.0,
                    -0.6999725262263237,
                    0.7141697715027839,
                    6.24957397311564
                ],
                [
                    0.0,
                    0.0,
                    0.0,
                    1.0
                ]
            ]
        },
        {
            "extrinsic_matrix": [
                [
                    -0.867119409941262,
                    0.34372949776491335,
                    0.36049127766063627,
                    3.155944497827129
                ],
                [
                    0.49810032011946903,
                    0.5983825089890121,
                    0.6275623029093583,
                    5.494035278087887
                ],
                [
                    0.0,
                    -0.7237322746031817,
                    0.6900808609849318,
                    6.04135808892281
                ],
                [
                    0.0,
                    0.0,
                    0.0,
                    1.0
                ]
            ]
        },
        {
            "extrinsic_matrix": [
                [
                    -0.8822812146553931,
                    0.3130681327223044,
                    0.3515226913585719,
                    3.078755423144273
                ],
                [
                    0.47072269784471216,
                    0.5867873668995063,
                    0.6588632087018823,
                    5.770548322389808
                ],
                [
                    0.0,
                    -0.7467723416951875,
                    0.6650797468567857,
                    5.824994880259579
                ],
                [
                    0.0,
                    0.0,
                    0.0,
                    1.0
                ]
            ]
        },
        {
            "extrinsic_matrix": [
                [
                    -0.8966188203871186,
                    0.2830326255004273,
                    0.3405396068447057,
                    2.9838588436601103
                ],
                [
                    0.44280321919291854,
                    0.5731041867080461,
                    0.6895483306122183,
                    6.041925353389539
                ],
                [
                    0.0,
                    -0.7690540449669606,
                    0.6391837575533003,
                    5.600623449856333
                ],
                [
                    0.0,
                    0.0,
                    0.0,
                    1.0
                ]
            ]
        },
        {
            "extrinsic_matrix": [
                [
                    -0.9101108488549359,
                    0.2537619679727279,
                    0.32757152868824896,
                    2.8714893261616607
                ],
                [
                    0.4143648667497621,
                    0.5573626979775573,
                    0.719477991398368,
                    6.306938154795619
                ],
                [
                    0.0,
                    -0.7905388583199351,
                    0.6124118822216087,
                    5.36839752238518
                ],
                [
                    0.0,
                    0.0,
                    0.0,
                    1.0
                ]
            ]
        },
        {
            "extrinsic_matrix": [
                [
                    -0.9227364590174089,
                    0.22539446839986096,
                    0.31265757757450546,
                    2.741965809236484
                ],
                [
                    0.385431481848608,
                    0.5396022469568027,
                    0.7485131848398904,
                    6.564362125861503
                ],
                [
                    0.0,
                    -0.8111884791427414,
                    0.5847847905905951,
                    5.128485655137621
                ],
                [
                    0.0,
                    0.0,
                    0.0,
                    1.0
                ]
            ]
        },
        {
            "extrinsic_matrix": [
                [
                    -0.9344753798228087,
                    0.1980670892767879,
                    0.29584656944172666,
                    2.5956924921336526
                ],
                [
                    0.35602775805408415,
                    0.5198718759850397,
                    0.7765162381140385,
                    6.812982057206151
                ],
                [
                    0.0,
                    -0.8309648973965245,
                    0.5563248505098289,
                    4.881071429628917
                ],
                [
                    0.0,
                    0.0,
                    0.0,
                    1.0
                ]
            ]
        },
        {
            "extrinsic_matrix": [
                [
                    -0.9453079432660828,
                    0.17191476876850145,
                    0.2771970502680737,
                    2.433159341263127
                ],
                [
                    0.3261792335481342,
                    0.49823035854805386,
                    0.8033514905836855,
                    7.051598066216807
                ],
                [
                    0.0,
                    -0.8498304666816496,
                    0.5270561430242984,
                    4.626353622917281
                ],
                [
                    0.0,
                    0.0,
                    0.0,
                    1.0
                ]
            ]
        },
        {
            "extrinsic_matrix": [
                [
                    -0.9552151177259531,
                    0.14706972850981703,
                    0.2567772844778958,
                    2.254942195382228
                ],
                [
                    0.2959122823875236,
                    0.4747461879546233,
                    0.8288859862217239,
                    7.279031668602582
                ],
                [
                    0.0,
                    -0.8677479772253014,
                    0.4970044748504764,
                    4.364546357411921
                ],
                [
                    0.0,
                    0.0,
                    0.0,
                    1.0
                ]
            ]
        },
        {
            "extrinsic_matrix": [
                [
                    -0.9641785415533041,
                    0.1236607707531412,
                    0.2346651950862816,
                    2.061702451726136
                ],
                [
                    0.2652541046018771,
                    0.44949751775218116,
                    0.8529901766881516,
                    7.494131960769325
                ],
                [
                    0.0,
                    -0.8846807307223136,
                    0.4661973881186309,
                    4.095879227931961
                ],
                [
                    0.0,
                    0.0,
                    0.0,
                    1.0
                ]
            ]
        },
        {
            "extrinsic_matrix": [
                [
                    -0.9721805568803624,
                    0.1018125680513321,
                    0.21094825386947696,
                    1.8541863167159733
                ],
                [
                    0.23423271510143162,
                    0.42257205216915006,
                    0.8755386318728402,
                    7.6957818858236235
                ],
                [
                    0.0,
                    -0.900592616954162,
                    0.43466416724599466,
                    3.8205974047689564
                ],
                [
                    0.0,
                    0.0,
                    0.0,
                    1.0
                ]
            ]
        },
        {
            "extrinsic_matrix": [
                [
                    -0.9792042436184396,
                    0.08164494885920304,
                    0.1857233200366008,
                    1.633223606426545
                ],
                [
                    0.20287693136391707,
                    0.3940668850591713,
                    0.8964107545205615,
                    7.882904554199716
                ],
                [
                    0.0,
                    -0.9154481921034855,
                    0.4024358428053595,
                    3.5389617114983003
                ],
                [
                    0.0,
                    0.0,
                    0.0,
                    1.0
                ]
            ]
        },
        {
            "extrinsic_matrix": [
                [
                    -0.9852334536102577,
                    0.06327218262527108,
                    0.15909642608505864,
                    1.3997260837167431
                ],
                [
                    0.17121635987020686,
                    0.3640882860295064,
                    0.9154914953667741,
                    8.054469588151637
                ],
                [
                    0.0,
                    -0.9292127586736693,
                    0.36954519225403176,
                    3.251248676281012
                ],
                [
                    0.0,
                    0.0,
                    0.0,
                    1.0
                ]
            ]
        },
        {
            "extrinsic_matrix": [
                [
                    -0.9902528449010685,
                    0.04680226812336781,
                    0.13118250974824697,
                    1.1546853208207941
                ],
                [
                    0.13928138125873293,
                    0.33275143266201396,
                    0.9326720650346706,
                    8.2094994576786
                ],
                [
                    0.0,
                    -0.9418524469150599,
                    0.33602673738872985,
                    2.9577505553956307
                ],
                [
                    0.0,
                    0.0,
                    0.0,
                    1.0
                ]
            ]
        },
        {
            "extrinsic_matrix": [
                [
                    -0.9942479160909369,
                    0.03233622893998944,
                    0.1021050911892734,
                    0.8991700782665122
                ],
                [
                    0.10710313416903001,
                    0.30018008798028734,
                    0.9478506387777126,
                    8.347075773869493
                ],
                [
                    0.0,
                    -0.9533342976511899,
                    0.301916738393075,
                    2.6587753277418447
                ],
                [
                    0.0,
                    0.0,
                    0.0,
                    1.0
                ]
            ]
        },
        {
            "extrinsic_matrix": [
                [
                    -0.9972050407286709,
                    0.01996742018602793,
                    0.07199589485827877,
                    0.6343231932268764
                ],
                [
                    0.07471349774525167,
                    0.26650622258037604,
                    0.960933049999119,
                    8.46634550417831
                ],
                [
                    0.0,
                    -0.9636263463900588,
                    0.26725318434575546,
                    2.3546466590623547
                ],
                [
                    0.0,
                    0.0,
                    0.0,
                    1.0
                ]
            ]
        },
        {
            "extrinsic_matrix": [
                [
                    -0.9991115017059518,
                    0.009780850638999417,
                    0.040994415713064614,
                    0.36135797282046045
                ],
                [
                    0.04214507277106037,
                    0.2318695811246183,
                    0.9718334683422958,
                    8.56652707279179
                ],
                [
                    0.0,
                    -0.9726977085970089,
                    0.23207578005929091,
                    2.045703834637801
                ],
                [
                    0.0,
                    0.0,
                    0.0,
                    1.0
                ]
            ]
        },
        {
            "extrinsic_matrix": [
                [
                    -0.9999555256082634,
                    0.0018525246422397277,
                    0.009247429802462829,
                    0.08155409045017084
                ],
                [
                    0.0094311614078852,
                    0.19641719319789164,
                    0.9804750580258329,
                    8.646916308040469
                ],
                [
                    0.0,
                    -0.9805186659970895,
                    0.1964259291216106,
                    1.7323016592217135
                ],
                [
                    0.0,
                    0.0,
                    0.0,
                    1.0
                ]
            ]
        },
        {
            "extrinsic_matrix": [
                [
                    -0.9997263169772136,
                    -0.003751191811029894,
                    -0.02309155047139138,
                    -0.2037470139960058
                ],
                [
                    -0.023394254490706753,
                    0.1603028288422584,
                    0.9867906119952671,
                    8.706892197750818
                ],
                [
                    0.0,
                    -0.9870607537660316,
                    0.16034671301537032,
                    1.4148103229981006
                ],
                [
                    0.0,
                    0.0,
                    0.0,
                    1.0
                ]
            ]
        },
        {
            "extrinsic_matrix": [
                [
                    -0.9984140924368073,
                    -0.006974176300226117,
                    -0.05586287576306631,
                    -0.4931472263720375
                ],
                [
                    -0.056296536515015,
                    0.12368639941868179,
                    0.9907231573831592,
                    8.74592241255635
                ],
                [
                    0.0,
                    -0.9922968484600643,
                    0.12388286619312745,
                    1.0936152323642154
                ],
                [
                    0.0,
                    0.0,
                    0.0,
                    1.0
                ]
            ]
        },
        {
            "extrinsic_matrix": [
                [
                    -0.9960101146341707,
                    -0.007771121939928103,
                    -0.08890141286965533,
                    -0.7851973361868179
                ],
                [
                    -0.0892404143111525,
                    0.08673330479211609,
                    0.9922265277109918,
                    8.763568556495846
                ],
                [
                    0.0,
                    -0.996201256525825,
                    0.08708074699017769,
                    0.7691168043650336
                ],
                [
                    0.0,
                    0.0,
                    0.0,
                    1.0
                ]
            ]
        },
        {
            "extrinsic_matrix": [
                [
                    -0.992506725943122,
                    -0.006108071482192614,
                    -0.12203725013467445,
                    -1.0784030902952784
                ],
                [
                    -0.12219001169352868,
                    0.04961372819754472,
                    0.9912658972327635,
                    8.759491103744587
                ],
                [
                    0.0,
                    -0.9987498032225631,
                    0.04998830426101108,
                    0.4417302236342198
                ],
                [
                    0.0,
                    0.0,
                    0.0,
                    1.0
                ]
            ]
        },
        {
            "extrinsic_matrix": [
                [
                    -0.9878973818768679,
                    -0.0019629089510079956,
                    -0.15509645343875464,
                    -1.371231709170385
                ],
                [
                    -0.15510887428135675,
                    0.012501880518106138,
                    0.9878182728127078,
                    8.733453980065317
                ],
                [
                    0.0,
                    -0.9999199217797199,
                    0.012655039630082124,
                    0.11188516072953862
                ],
                [
                    0.0,
                    0.0,
                    0.0,
                    1.0
                ]
            ]
        },
        {
            "extrinsic_matrix": [
                [
                    -0.9821766841539553,
                    0.0046741957782961635,
                    -0.18790187066170383,
                    -1.6621188491593886
                ],
                [
                    -0.1879599986814788,
                    -0.024424803909437985,
                    0.9818729387500421,
                    8.685328747547066
                ],
                [
                    0.0,
                    -0.9996907426038373,
                    -0.024868034747207887,
                    -0.21997454921192033
                ],
                [
                    0.0,
                    0.0,
                    0.0,
                    1.0
                ]
            ]
        },
        {
            "extrinsic_matrix": [
                [
                    -0.9753404133594346,
                    0.013800393991832964,
                    -0.22027398210755056,
                    -1.949475990632988
                ],
                [
                    -0.22070586323849062,
                    -0.06098651745365146,
                    0.9734318500136658,
                    8.615098351436416
                ],
                [
                    0.0,
                    -0.9980431823395948,
                    -0.06252844301159556,
                    -0.5533912685305297
                ],
                [
                    0.0,
                    0.0,
                    0.0,
                    1.0
                ]
            ]
        },
        {
            "extrinsic_matrix": [
                [
                    -0.9673855611410125,
                    0.025399821198114424,
                    -0.2520317939843946,
                    -2.231698228362686
                ],
                [
                    -0.2533084603717146,
                    -0.09700197240377306,
                    0.9625099694309089,
                    8.522860388373797
                ],
                [
                    0.0,
                    -0.9949600325806467,
                    -0.10027229710702021,
                    -0.8878939607970643
                ],
                [
                    0.0,
                    0.0,
                    0.0,
                    1.0
                ]
            ]
        },
        {
            "extrinsic_matrix": [
                [
                    -0.958310361877763,
                    0.039443320579382816,
                    -0.28299377162648465,
                    -2.5071724368279464
                ],
                [
                    -0.2857293305170313,
                    -0.1322893339290413,
                    0.9491355444881936,
                    8.408829856140123
                ],
                [
                    0.0,
                    -0.9904260480168535,
                    -0.1380443530526235,
                    -1.222998637192949
                ],
                [
                    0.0,
                    0.0,
                    0.0,
                    1.0
                ]
            ]
        },
        {
            "extrinsic_matrix": [
                [
                    -0.9481143237567601,
                    0.05588823102778741,
                    -0.31297880873926,
                    -2.774285779480772
                ],
                [
                    -0.3179295976898999,
                    -0.16666718906289354,
                    0.9333503195492099,
                    8.273341346111385
                ],
                [
                    0.0,
                    -0.984428033795492,
                    -0.17578807205707,
                    -1.5582088463904848
                ],
                [
                    0.0,
                    0.0,
                    0.0,
                    1.0
                ]
            ]
        },
        {
            "extrinsic_matrix": [
                [
                    -0.9367982591907695,
                    0.07467824377797663,
                    -0.3418072285417336,
                    -3.0314345273030283
                ],
                [
                    -0.34987000668411666,
                    -0.1999555475865499,
                    0.9152096794790903,
                    8.11685064102179
                ],
                [
                    0.0,
                    -0.9769549318651296,
                    -0.2134456865443758,
                    -1.8930162087415239
                ],
                [
                    0.0,
                    0.0,
                    0.0,
                    1.0
                ]
            ]
        },
        {
            "extrinsic_matrix": [
                [
                    -0.9243643145079344,
                    0.09574333142855886,
                    -0.369301812277218,
                    -3.277033148304225
                ],
                [
                    -0.38151096191888956,
                    -0.23197687028317035,
                    0.8947827208821976,
                    7.939935682361926
                ],
                [
                    0.0,
                    -0.9679979060620877,
                    -0.25095827115162733,
                    -2.2269009955133003
                ],
                [
                    0.0,
                    0.0,
                    0.0,
                    1.0
                ]
            ]
        },
        {
            "extrinsic_matrix": [
                [
                    -0.9108159988421536,
                    0.11899975288868521,
                    -0.3952888501660549,
                    -3.509523625950968
                ],
                [
                    -0.4128125679447877,
                    -0.26255711963637124,
                    0.87215224741732,
                    7.743296873796228
                ],
                [
                    0.0,
                    -0.957550425690827,
                    -0.28826581874949364,
                    -2.559332753834209
                ],
                [
                    0.0,
                    0.0,
                    0.0,
                    1.0
                ]
            ]
        },
        {
            "extrinsic_matrix": [
                [
                    -0.8961582121506638,
                    0.1443501374920371,
                    -0.4195992094856183,
                    -3.7273849609191823
                ],
                [
                    -0.44373467161686364,
                    -0.291526827658536,
                    0.8474146859480454,
                    7.52775668938208
                ],
                [
                    0.0,
                    -0.945608347341213,
                    -0.3253073215263065,
                    -2.8897709779303473
                ],
                [
                    0.0,
                    0.0,
                    0.0,
                    1.0
                ]
            ]
        },
        {
            "extrinsic_matrix": [
                [
                    -0.880397272283136,
                    0.17168365118834403,
                    -0.44206941408680683,
                    -3.9291428070464334
                ],
                [
                    -0.4742369059409165,
                    -0.3187221751582925,
                    0.8206799206182354,
                    7.294258558117268
                ],
                [
                    0.0,
                    -0.9321699946774761,
                    -0.3620208571657084,
                    -3.217665827145671
                ],
                [
                    0.0,
                    0.0,
                    0.0,
                    1.0
                ]
            ]
        },
        {
            "extrinsic_matrix": [
                [
                    -0.863540941024428,
                    0.20087624735196918,
                    -0.4625427292958304,
                    -4.11337918896316
                ],
                [
                    -0.504278735596342,
                    -0.3439860763961064,
                    0.7920710423131038,
                    7.043864999437253
                ],
                [
                    0.0,
                    -0.9172362359258396,
                    -0.39834368013638355,
                    -3.5424588911439376
                ],
